29813
24892
7757
19580
20658
18037
10376
26578
8544
21557
14804
19774
12288
6527
12570
26537
23816
28525
3573
25885
27663
17335
12550
5656
21396
26974
13892
21563
26458
15982
17371
29122
27778
3876
11321
28561
21595
24422
21873
4069
4242
21778
20450
5966
14671
9766
14405
690
25995
8189
29629
17296
5509
24345
7262
21230
27063
26505
13875
954
18943
5949
18704
4117
19281
21731
6405
13874
2668
6032
25603
1627
28982
8597
4242
7130
5630
15962
3973
7392
18255
22532
12766
21124
25036
15694
3977
6187
11533
27839
22393
5069
20424
3859
1758
1968
15541
23658
18990
18580
25782
27548
25774
25750
12419
27985
1034
18548
29002
21811
2706
882
29752
7719
14138
18683
23292
28676
6789
9419
14050
26422
14803
18625
24441
12332
22271
22111
4945
25214
19798
12328
10435
6974
17265
26063
8364
28241
15556
29951
18672
26472
22475
10903
24332
4127
23632
16161
20877
22681
6173
7289
4508
19297
28587
17987
25040
816
3210
27699
10538
24586
28603
24353
2215
17093
21264
19503
2926
24770
22234
5893
12260
25304
3112
21757
25617
6596
12943
15737
26175
29243
8998
25603
26211
15710
620
5910
15015
6493
2763
27910
15374
15006
12274
26855
29711
14372
6176
7569
25792
14268
12895
21125
18111
26367
26407
22173
18498
25643
2757
16620
26937
24012
29124
3188
14800
15360
21255
22437
28152
15346
27307
13550
29197
18841
23235
29962
4452
20015
16493
4720
7938
19017
12915
25973
15488
25581
18825
7127
6989
3190
26599
12917
11704
13460
20614
6127
12847
9145